57,52
57,51
57,50
57,49
57,48
57,47
57,46
57,45
57,44
57,43
57,42
57,41
57,40
57,39
57,38
57,37
57,36
57,35
0,273
0,270
10,6
10,110
10,188
10,142
10,96
10,126
10,292
10,192
8,7
8,12
48,5
48,4
48,3
48,2
48,1
48,0
43,3
43,2
43,1
43,0
33,3
33,2
33,1
33,0
32,5
32,4
32,3
32,2
32,1
31,4
31,3
31,1
30,3
30,1
28,4
28,3
28,1
27,3
27,1
20,3
20,2
20,1
19,3
19,2
19,1
12,3
12,2
12,1
11,29
11,28
11,27
11,26
11,25
11,24
11,23
11,22
11,21
11,20
11,19
11,18
11,17
11,16
11,14
11,13
11,12
11,11
11,10
11,9
11,8
11,6
11,4
11,3
18,1
11,2
18,3
11,1
